mcnp       6     05/16/19 08:05:23     2            1000            2568
 TITLE                                                                          
ntal     1
    1
tally    1   -1   -1
 1 0 0 0 0 0 0 0 0 0 0 0 0 0 0 0 0 0 0 0 0 0 0 0 0 0 0 0 0 0 0 0 0 0 0 0 0
f       24    0    4    2    3
 -4.00000E+00 -2.00000E+00  0.00000E+00  2.00000E+00  4.00000E+00
 -1.00000E+00  0.00000E+00  1.00000E+00
 -3.00000E+00 -1.00000E+00  1.00000E+00  3.00000E+00
d        1
u        1
s        1
m        1
c        1
e        1
t        1
vals
  1.00000E+00 0.1000  2.00000E+00 0.2000  3.00000E+00 0.1000  4.00000E+00 0.2000
  5.00000E+00 0.2000  6.00000E+00 0.1000  7.00000E+00 0.2000  8.00000E+00 0.1000
  1.00000E+01 0.3000  2.00000E+01 0.4000  3.00000E+01 0.3000  4.00000E+01 0.4000
  5.00000E+01 0.4000  6.00000E+01 0.3000  7.00000E+01 0.4000  8.00000E+01 0.3000
  1.00000E+02 0.5000  2.00000E+02 0.6000  3.00000E+02 0.5000  4.00000E+02 0.6000
  5.00000E+02 0.6000  6.00000E+02 0.5000  7.00000E+02 0.6000  8.00000E+02 0.5000
